Network,Long Name,Code,Type,Motion,Cable Type,Cable length,Easting,Northing,Elev,Cmp01,x1,y1,z1,Cmp02,x2,y2,z2,Cmp03,x3,y3,z3OT,UGSS4_1GEO,1,IMS_14HZ_LM6_Geophone_0,velocity,IMS_0,15,650371.73,4766640.82,-68.08,z,0.044796114,0.366703076,0.929258932,,,,,,,,OT,UGSS4_3ACC,2,IMS_3_7kHz_Accelerometer,acceleration,IMS_0,15,650371.75,4766640.97,-67.71,x,0,0,1,y,0,0,1,z,0.045005514,0.367044966,0.929113823OT,UGSS3_3ACC,3,IMS_3_7kHz_Accelerometer,acceleration,IMS_0,15,650449.79,4766720.43,-68.17,x,-0.584752,0.760978,0.281029,y,-0.810935,-0.539294,-0.22704,z,-0.021215,-0.360658,0.932457OT,UGSS3_1GEO,4,IMS_14HZ_LM6_Geophone_0,velocity,IMS_0,15,650449.8,4766720.58,-68.54,z,-0.021054265,-0.360027926,0.932703924,,,,,,,,OT,UGSS5_3ACC,5,IMS_3_7kHz_Accelerometer,acceleration,IMS_0,15,650296.96,4766683.38,-67.79,x,0,0,1,y,0,0,1,z,0.307740424,0.098557391,0.946352087OT,UGSS5_1GEO,6,IMS_14HZ_LM6_Geophone_0,velocity,IMS_0,15,650296.84,4766683.33,-68.17,z,0.308112123,0.097464039,0.946344378,,,,,,,,OT,UGSS2_3ACC,7,IMS_3_7kHz_Accelerometer,acceleration,IMS_0,15,650396.38,4766610.77,31.8,x,-0.96572,-0.198436,-0.167354,y,0.234907,-0.942402,-0.23811,z,-0.110466,-0.26926,0.956711OT,UGSS2_1GEO,8,IMS_14HZ_LM6_Geophone_0,velocity,IMS_0,15,650396.43,4766610.91,31.32,z,-0.111036602,-0.268770841,0.956782686,,,,,,,,OT,UGSS1_3ACC,9,IMS_14HZ_LM6_Geophone_0,velocity,IMS_0,15,650324.09,4766619.48,40.26,x,-0.837251,-0.514456,0.185325,y,0.546817,-0.787056,0.285542,z,-0.001038,0.340409,0.940277OT,UGSS1_1GEO,10,IMS_3_7kHz_Accelerometer,acceleration,IMS_0,15,650324.09,4766619.62,40.63,z,-0.000996907,0.340942333,0.940083683,,,,,,,,OT,UGSS6_3GEO,11,IMS_14HZ_LM6_Geophone_0,velocity,IMS_0,15,650937.17,4766826.57,-74.46,x,0.945139,0.287651,0.15482,y,-0.249891,0.941892,-0.224486,z,-0.210397,0.173482,0.9621OT,SU05_1,12,Avalon_14HZ_HG6_Geophone_0,velocity,Avalon_0,220,652140.7153,4767668.2,971.7413389,x,0.955908,-0.287924,0.057789,y,-0.273737,-0.944871,-0.179689,z,0.106224,0.156543,0.981942OT,SU05_2,13,Avalon_14HZ_HG6_Geophone_1,velocity,Avalon_0,420,652119.9394,4767638.08,775.1197044,x,-0.980732,0.179274,0.077625,y,-0.165441,-0.973479,0.158014,z,0.103894,0.142127,0.984381OT,SU05_3,14,Avalon_14HZ_HG6_Geophone_1,velocity,Avalon_0,630,652097.1645,4767609.377,568.349036,x,-0.826159,0.562746,0.027877,y,-0.55111,-0.817389,0.167788,z,0.117208,0.123257,0.985429OT,SU05_4,15,Avalon_14HZ_HG6_Geophone_2,velocity,Avalon_0,830,652072.83,4767586.412,371.172055,x,0.856084,-0.513651,-0.057298,y,0.500657,0.851694,-0.154789,z,0.128307,0.103826,0.986285OT,SU05_5,16,Avalon_14HZ_HG6_Geophone_2,velocity,Avalon_0,950,652057.8064,4767574.615,252.7023612,x,-0.634171,0.773167,0.006366,y,-0.762832,-0.626994,0.158007,z,0.126157,0.095348,0.987417OT,SU05_6,17,Avalon_14HZ_HG6_Geophone_2,velocity,Avalon_0,1060,652043.758,4767564.212,144.1006134,x,-0.199853,-0.972619,0.118618,y,0.970956,-0.21284,-0.109288,z,0.131542,0.093332,0.986907OT,SU10_1,18,Avalon_14HZ_HG6_Geophone_0,velocity,Avalon_0,185,651730.134,4766987.15,1008.348,x,0.917722,0.397223,0,y,-0.397223,0.917722,0,z,0,0,1OT,SU10_2,19,Avalon_14HZ_HG6_Geophone_1,velocity,Avalon_0,325,651730.134,4766987.15,868.348,x,0.973021,0.230716,0,y,-0.230716,0.973021,0,z,0,0,1OT,SU10_3,20,Avalon_14HZ_HG6_Geophone_1,velocity,Avalon_0,515,651730.134,4766987.15,678.348,x,-0.186541,0.982447,0,y,-0.982447,-0.186541,0,z,0,0,1OT,SU10_4,21,Avalon_14HZ_HG6_Geophone_2,velocity,Avalon_0,715,651730.134,4766987.15,478.348,x,0.940095,-0.340913,0,y,0.340913,0.940095,0,z,0,0,1OT,SU10_5,22,Avalon_14HZ_HG6_Geophone_2,velocity,Avalon_0,865,651730.134,4766987.15,328.348,x,-0.592681,-0.805438,0,y,-0.805438,0.592681,0,z,0,0,1OT,SU10_6,23,Avalon_14HZ_HG6_Geophone_2,velocity,Avalon_0,1015,651730.134,4766987.15,178.348,x,-0.84014,0.542369,0,y,0.542369,0.84014,0,z,0,0,1OT,UGSS7_3GEO,24,IMS_14HZ_LM6_Geophone_0,velocity,IMS_0,15,651262.52,4767293.27,-130,x,0.799011,0.529871,-0.284285,y,-0.588715,0.785601,-0.190382,z,0.122457,0.31948,0.939647OT,UGSS8_3GEO,25,IMS_4.5HZ_LM6_Geophone_0,velocity,IMS_0,15,651200.4,4766687,-117.48,x,-0.248601,0.549234,-0.797834,y,0.77773,0.60416,0.173571,z,0.57735,-0.57735,-0.57735OT,UGSS9_3GEO,26,IMS_14HZ_LM6_Geophone_0,velocity,IMS_0,15,651482,4767402,-152,x,0,0,1,y,0,0,1,z,0.097779883,-0.021742589,0.994970529OT,SU09_1,27,Avalon_14HZ_HG6_Geophone_0,velocity,Avalon_0,295,651237.5242,4766905.697,928.1415813,x,0.941728,0.288284,0.17332,y,-0.293619,0.955907,0.005401,z,-0.164121,-0.055976,0.984851OT,SU09_2,28,Avalon_14HZ_HG6_Geophone_1,velocity,Avalon_0,515,651279.7205,4766916.193,712.5107974,x,-0.226797,0.973892,-0.009842,y,-0.949939,-0.223426,-0.218394,z,-0.214891,-0.040182,0.975811OT,SU09_3,29,Avalon_14HZ_HG6_Geophone_1,velocity,Avalon_0,545,651286.1937,4766917.371,683.2411732,x,0.066421,0.996314,0.054288,y,-0.973882,0.076573,-0.213754,z,-0.217123,-0.038672,0.975378OT,SU09_4,30,Avalon_14HZ_HG6_Geophone_2,velocity,Avalon_0,715,651324.2444,4766924.029,517.6898672,x,-0.032931,0.998903,0.033279,y,-0.972659,-0.024371,-0.230954,z,-0.22989,-0.039974,0.972395OT,SU09_5,31,Avalon_14HZ_HG6_Geophone_2,velocity,Avalon_0,955,651380.8741,4766934.582,284.71114,x,0.372615,-0.926761,0.047662,y,-0.894448,-0.372358,-0.247614,z,-0.247226,-0.049633,0.967686OT,SU09_6,32,Avalon_14HZ_HG6_Geophone_2,velocity,Avalon_0,1195,651441.3623,4766947.781,52.83637931,x,-0.903588,0.374659,-0.207748,y,-0.349063,-0.92502,-0.149979,z,-0.248361,-0.063002,0.966616OT,SU15_1,33,Avalon_14HZ_HG6_Geophone_0,velocity,Avalon_0,225,652364.8548,4768466.755,1001.201905,x,0.992316,-0.041929,0.116409,y,0.05619,0.99093,-0.122066,z,-0.110235,0.127669,0.985672OT,SU15_2,34,Avalon_14HZ_HG6_Geophone_1,velocity,Avalon_0,405,652385.1158,4768443.835,823.8209494,x,-0.066006,-0.990086,0.123986,y,0.990919,-0.050453,0.124638,z,-0.117147,0.131087,0.984425OT,SU15_3,35,Avalon_14HZ_HG6_Geophone_1,velocity,Avalon_0,535,652400.4797,4768426.4,695.9152193,x,0.836339,-0.520739,0.17137,y,0.535121,0.843363,-0.048842,z,-0.119093,0.132552,0.983995OT,SU15_4,36,Avalon_14HZ_HG6_Geophone_2,velocity,Avalon_0,675,652417.541,4768407.4,558.2646883,x,-0.985549,0.096622,-0.139133,y,-0.114703,-0.985066,0.128406,z,-0.124649,0.14251,0.981913OT,SU15_5,37,Avalon_14HZ_HG6_Geophone_2,velocity,Avalon_0,875,652444.6506,4768378.29,362.2667426,x,-0.644433,-0.764327,0.022606,y,0.750425,-0.62648,0.210675,z,-0.146862,0.152731,0.977295OT,SU15_6,38,Avalon_14HZ_HG6_Geophone_2,velocity,Avalon_0,1045,652470.4879,4768354.445,195.9503874,x,0.987868,0.021953,0.153734,y,-0.002795,0.992311,-0.12374,z,-0.155268,0.121809,0.980334OT,UGSS10_3GEO,39,IMS_14HZ_LM6_Geophone_0,velocity,IMS_0,15,651560.96,4766550.15,-120,x,-0.943997,-0.255434,0.208862,y,0.195062,-0.942572,-0.271126,z,0.266122,-0.215201,0.93961OT,UGSS11_3GEO,40,IMS_4.5HZ_LM6_Geophone_0,velocity,IMS_0,15,650716,4766772,-68,x,0.879706,0.475243,-0.016165,y,-0.475518,0.879197,-0.029905,z,0,0.033994,0.999422OT,UGSS12_3GEO,41,IMS_14HZ_LM6_Geophone_0,velocity,IMS_0,15,651121,4767056,-79,x,-0.936717,-0.350086,0,y,0.350086,-0.936717,0,z,0,0,1OT,SU12_1,42,Avalon_14HZ_HG6_Geophone_0,velocity,Avalon_0,255,652030.9398,4766595.921,964.7499242,x,-0.325468,0.945406,0.016657,y,-0.886992,-0.311366,0.341023,z,0.327592,0.096217,0.939907OT,SU12_2,43,Avalon_14HZ_HG6_Geophone_1,velocity,Avalon_0,575,651921.667,4766564.781,665.6121116,x,0.830694,-0.492784,-0.25906,y,0.431193,0.863828,-0.260526,z,0.352166,0.104713,0.930061OT,SU12_3,44,Avalon_14HZ_HG6_Geophone_1,velocity,Avalon_0,745,651861.4366,4766546.075,507.745682,x,0.672991,0.65551,-0.342622,y,0.64563,-0.746635,-0.160304,z,0.360895,0.113324,0.925696OT,SU12_4,45,Avalon_14HZ_HG6_Geophone_2,velocity,Avalon_0,925,651794.4959,4766525.677,341.9101029,x,-0.142206,-0.973567,0.178731,y,-0.912586,0.198885,0.357255,z,0.383358,0.112303,0.916747OT,SU12_5,46,Avalon_14HZ_HG6_Geophone_2,velocity,Avalon_0,1035,651751.2822,4766513.264,241.5199732,x,-0.866387,-0.272971,0.418163,y,0.295544,-0.955263,-0.011249,z,0.402527,0.113839,0.908302OT,SU12_6,47,Avalon_14HZ_HG6_Geophone_2,velocity,Avalon_0,1155,651701.9813,4766500.009,132.9224599,x,0.553593,0.756317,-0.348597,y,-0.720944,0.64477,0.253992,z,0.416863,0.110711,0.902202OT,SU13_1,48,Avalon_14HZ_HG6_Geophone_0,velocity,Avalon_0,265,651414.1597,4766543.732,958.2435043,x,-0.991241,-0.100238,-0.085989,y,0.117961,-0.964773,-0.235155,z,-0.059389,-0.243239,0.968147OT,SU13_2,49,Avalon_14HZ_HG6_Geophone_1,velocity,Avalon_0,485,651428.4675,4766598.578,745.6755725,x,0.928821,-0.369531,-0.027164,y,0.363126,0.893236,0.265085,z,-0.073693,-0.25608,0.963842OT,SU13_3,50,Avalon_14HZ_HG6_Geophone_1,velocity,Avalon_0,635,651440.2123,4766637.699,601.3495453,x,-0.040664,0.962378,0.268652,y,-0.994672,-0.013498,-0.102203,z,-0.094732,-0.271377,0.9578OT,SU13_4,51,Avalon_14HZ_HG6_Geophone_2,velocity,Avalon_0,775,651454.96,4766676.845,467.7492044,x,-0.413849,0.883624,0.218944,y,-0.903374,-0.368917,-0.218669,z,-0.112449,-0.288284,0.950919OT,SU13_5,52,Avalon_14HZ_HG6_Geophone_2,velocity,Avalon_0,975,651479.3052,4766736.706,278.4847495,x,0.95373,0.221574,0.203233,y,-0.272357,0.923005,0.271815,z,-0.127358,-0.314591,0.940645OT,SU13_6,53,Avalon_14HZ_HG6_Geophone_2,velocity,Avalon_0,1175,651503.7024,4766799.017,90.01451285,x,-0.979654,0.191891,-0.058791,y,-0.162493,-0.93031,-0.328814,z,-0.11779,-0.312571,0.942563OT,SU04_1,54,Avalon_14HZ_HG6_Geophone_0,velocity,Avalon_0,295,651304.5688,4767188.076,922.9853859,x,-0.693853,-0.720036,0.01081,y,0.720051,-0.693914,-0.003122,z,0.009749,0.005617,0.999937OT,SU04_2,55,Avalon_14HZ_HG6_Geophone_1,velocity,Avalon_0,545,651301.7161,4767186.116,673.0103277,x,-0.888941,0.457939,-0.008685,y,0.457797,0.888939,0.01443,z,0.014295,0.008919,0.999858OT,SU04_3,56,Avalon_14HZ_HG6_Geophone_1,velocity,Avalon_0,675,651299.6925,4767184.85,543.0323769,x,-0.072973,0.997292,-0.009127,y,-0.997207,-0.072814,0.016652,z,0.015942,0.010317,0.99982OT,SU04_4,57,Avalon_14HZ_HG6_Geophone_2,velocity,Avalon_0,805,651297.6829,4767183.639,413.0538831,x,0.692377,-0.721529,-0.003149,y,0.721333,0.692278,-0.020724,z,0.017133,0.012078,0.99978OT,SU04_5,58,Avalon_14HZ_HG6_Geophone_2,velocity,Avalon_0,935,651296.2322,4767182.431,283.0681067,x,0.467886,-0.883786,0.002314,y,0.883732,0.467825,-0.012583,z,0.010038,0.007932,0.999918OT,SU04_6,59,Avalon_14HZ_HG6_Geophone_2,velocity,Avalon_0,1075,651294.5787,4767181.211,148.0840191,x,-0.98764,0.155943,0.015784,y,-0.155762,-0.98772,0.012155,z,0.017486,0.009546,0.999802OT,SU07_1,60,Avalon_14HZ_HG6_Geophone_0,velocity,Avalon_0,185,652108.2846,4767251.497,1012.893774,x,-0.149709,-0.988079,0.035888,y,0.953925,-0.153889,-0.257577,z,0.260029,-0.004328,0.965591OT,SU07_2,61,Avalon_14HZ_HG6_Geophone_1,velocity,Avalon_0,325,652071.0799,4767252.172,877.9306596,x,0.750606,0.627556,-0.206794,y,-0.60201,0.778523,0.177444,z,0.272351,-0.008699,0.962159OT,SU07_3,62,Avalon_14HZ_HG6_Geophone_1,velocity,Avalon_0,475,652029.7675,4767252.957,733.7348376,x,-0.569585,-0.806016,0.160971,y,0.773687,-0.591879,-0.226026,z,0.277456,-0.0042,0.960729OT,SU07_4,63,Avalon_14HZ_HG6_Geophone_2,velocity,Avalon_0,625,651986.7961,4767254.395,590.0328033,x,-0.938627,0.180141,0.294157,y,-0.176357,-0.983531,0.039573,z,0.296441,-0.014732,0.954937OT,SU07_5,64,Avalon_14HZ_HG6_Geophone_2,velocity,Avalon_0,725,651956.9904,4767255.829,494.5888449,x,-0.381394,-0.918172,0.107235,y,0.874755,-0.395979,-0.279294,z,0.298902,-0.012716,0.954199OT,SU07_6,65,Avalon_14HZ_HG6_Geophone_2,velocity,Avalon_0,825,651929.0421,4767256.151,398.5801234,x,0.815704,0.529492,-0.232946,y,-0.510351,0.848306,0.141131,z,0.272337,0.003764,0.962194OT,SU01_1,66,Avalon_14HZ_HG6_Geophone_0,velocity,Avalon_0,195,651840.1397,4767872.752,1030.330206,x,-0.117817,0.993033,0.002191,y,-0.993017,-0.117801,-0.006379,z,-0.006077,-0.002928,0.999977OT,SU01_2,67,Avalon_14HZ_HG6_Geophone_1,velocity,Avalon_0,335,651840.922,4767873.153,890.3330085,x,-0.247001,-0.969006,-0.004247,y,0.969002,-0.247018,0.004082,z,-0.005005,-0.003107,0.999983OT,SU01_3,68,Avalon_14HZ_HG6_Geophone_1,velocity,Avalon_0,515,651841.878,4767873.533,710.3361055,x,-0.890423,-0.455105,-0.005082,y,0.455103,-0.890437,0.001641,z,-0.005272,-0.000851,0.999986OT,SU01_4,69,Avalon_14HZ_HG6_Geophone_2,velocity,Avalon_0,695,651842.8878,4767873.623,530.3390071,x,0.957194,0.289384,0.006074,y,-0.289387,0.957212,-0.000448,z,-0.005944,-0.001328,0.999981OT,SU01_5,70,Avalon_14HZ_HG6_Geophone_2,velocity,Avalon_0,845,651843.7477,4767873.853,380.3416756,x,-0.778108,-0.628112,-0.004798,y,0.628111,-0.778122,0.001769,z,-0.004844,-0.001638,0.999987OT,SU01_6,71,Avalon_14HZ_HG6_Geophone_2,velocity,Avalon_0,1005,651844.4044,4767874.531,220.3446987,x,0.646806,-0.762651,-0.002344,y,0.762639,0.646769,0.008514,z,-0.004977,-0.007295,0.999961OT,SU11_1,72,Avalon_14HZ_HG6_Geophone_0,velocity,Avalon_0,215,652068.4645,4766928.437,1000.907665,x,0.956183,0.291887,0.022727,y,-0.291878,0.944332,0.151805,z,0.022848,-0.151787,0.988149OT,SU11_2,73,Avalon_14HZ_HG6_Geophone_1,velocity,Avalon_0,395,652064.0324,4766956.224,823.1208333,x,0.72156,0.686786,0.087612,y,-0.691824,0.710271,0.129981,z,0.027041,-0.154401,0.987638OT,SU11_3,74,Avalon_14HZ_HG6_Geophone_1,velocity,Avalon_0,585,652058.8669,4766986.316,635.5909666,x,0.981876,0.189485,0.003787,y,-0.187515,0.968379,0.164561,z,0.027514,-0.162288,0.98636OT,SU11_4,75,Avalon_14HZ_HG6_Geophone_2,velocity,Avalon_0,775,652052.0597,4767017.62,448.3174684,x,-0.340642,0.9246,0.170521,y,-0.938761,-0.344489,-0.007431,z,0.051871,-0.16261,0.985326OT,SU11_5,76,Avalon_14HZ_HG6_Geophone_2,velocity,Avalon_0,945,652042.4695,4767044.532,280.7365538,x,0.034032,-0.986929,-0.15752,y,-0.997708,-0.042774,0.05244,z,0.058493,-0.155374,0.986122OT,SU11_6,77,Avalon_14HZ_HG6_Geophone_2,velocity,Avalon_0,1115,652031.8453,4767070.659,113.0931276,x,0.899909,0.436038,0.00588,y,-0.430906,0.887085,0.165527,z,0.06696,-0.151493,0.986188OT,SU03_1,78,Avalon_14HZ_HG6_Geophone_0,velocity,Avalon_0,295,651256.3981,4767539.283,934.7125384,x,0.981749,-0.15015,0.116726,y,0.121124,0.966819,0.22492,z,-0.146624,-0.206677,0.96736OT,SU03_2,79,Avalon_14HZ_HG6_Geophone_1,velocity,Avalon_0,545,651290.6927,4767589.766,692.2846958,x,-0.284713,0.944047,0.166475,y,-0.950629,-0.255684,-0.175872,z,-0.123466,-0.208328,0.970235OT,SU03_3,80,Avalon_14HZ_HG6_Geophone_1,velocity,Avalon_0,705,651310.1019,4767622.153,536.8053196,x,0.14522,-0.971856,-0.18549,y,0.981796,0.118351,0.148559,z,-0.122425,-0.203687,0.971352OT,SU03_4,81,Avalon_14HZ_HG6_Geophone_2,velocity,Avalon_0,865,651329.2073,4767654.514,381.2820366,x,-0.588492,0.802489,0.098436,y,-0.800587,-0.561398,-0.209508,z,-0.112866,-0.2021,0.97284OT,SU03_5,82,Avalon_14HZ_HG6_Geophone_2,velocity,Avalon_0,1025,651346.7418,4767686.961,225.5916429,x,-0.877416,0.479654,0.008568,y,-0.468827,-0.853551,-0.227268,z,-0.101697,-0.203426,0.973794OT,SU03_6,83,Avalon_14HZ_HG6_Geophone_2,velocity,Avalon_0,1175,651359.6555,4767716.66,84.25738384,x,0.860465,-0.507986,-0.039373,y,0.50316,0.835039,0.222575,z,-0.080187,-0.211329,0.97412OT,UGSS14_3GEO,84,IMS_14HZ_LM6_Geophone_0,velocity,IMS_0,15,650356.5,4766408.9,-14.5,x,0,0,1,y,0,0,1,z,0,0,1OT,SU08_1,85,Avalon_14HZ_HG6_Geophone_0,velocity,Avalon_0,185,651619.9136,4767484.653,1032.878584,x,0.545455,0.838139,0.001373,y,-0.838139,0.545453,0.001895,z,0.00084,-0.002185,0.999997OT,SU08_2,86,Avalon_14HZ_HG6_Geophone_1,velocity,Avalon_0,325,651619.6166,4767484.952,892.8793027,x,0.998489,-0.054862,-0.003289,y,0.054865,0.998493,0.000941,z,0.003232,-0.00112,0.999994OT,SU08_3,87,Avalon_14HZ_HG6_Geophone_1,velocity,Avalon_0,515,651619.1497,4767485.191,702.8800466,x,-0.699026,-0.715096,0.001059,y,0.715091,-0.699026,-0.002733,z,0.002694,-0.001153,0.999996OT,SU08_4,88,Avalon_14HZ_HG6_Geophone_2,velocity,Avalon_0,625,651618.8394,4767485.174,592.8805177,x,0.665615,-0.746295,-0.000451,y,0.746293,0.665614,-0.002204,z,0.001945,0.001131,0.999997OT,SU08_5,89,Avalon_14HZ_HG6_Geophone_2,velocity,Avalon_0,715,651618.5362,4767485.176,502.8810691,x,-0.254493,0.967074,0.001146,y,-0.967066,-0.254496,0.003788,z,0.003955,-0.000145,0.999992OT,SU08_6,90,Avalon_14HZ_HG6_Geophone_2,velocity,Avalon_0,825,651618.2447,4767485.214,392.8815032,x,0.149805,0.988715,0.000368,y,-0.988712,0.149804,0.002805,z,0.002718,-0.000784,0.999996OT,UGSS15_3GEO,91,IMS_14HZ_LM6_Geophone_0,velocity,IMS_0,15,650263.798,4766707.983,-81.302,x,0,0,1,y,0,0,1,z,0,0,1OT,SU06_1,92,Avalon_14HZ_HG6_Geophone_0,velocity,Avalon_0,295,652345.3474,4767906.801,927.9090769,x,-0.167224,-0.979455,0.112711,y,0.978506,-0.178871,-0.102624,z,0.120676,0.093127,0.988314OT,SU06_2,93,Avalon_14HZ_HG6_Geophone_1,velocity,Avalon_0,535,652314.1624,4767885.889,690.8707372,x,0.927257,0.338176,-0.160724,y,-0.34667,0.937591,-0.027263,z,0.141474,0.080998,0.986623OT,SU06_3,94,Avalon_14HZ_HG6_Geophone_1,velocity,Avalon_0,735,652284.494,4767870.585,493.6773127,x,0.75006,-0.658216,-0.064512,y,0.643864,0.749018,-0.156241,z,0.151161,0.075653,0.98561OT,SU06_4,95,Avalon_14HZ_HG6_Geophone_2,velocity,Avalon_0,935,652253.415,4767856.761,296.5949014,x,-0.616569,-0.772663,0.15111,y,0.770082,-0.631794,-0.088376,z,0.163755,0.061877,0.984558OT,SU06_5,96,Avalon_14HZ_HG6_Geophone_2,velocity,Avalon_0,1085,652228.4767,4767848.655,148.9058894,x,0.574598,-0.816534,-0.055756,y,0.801195,0.575097,-0.16538,z,0.167104,0.050356,0.984653OT,SU06_6,97,Avalon_14HZ_HG6_Geophone_2,velocity,Avalon_0,1245,652202.9011,4767840.507,-3.75166421,x,0.502717,-0.863642,-0.037378,y,0.847952,0.501069,-0.172937,z,0.168084,0.055244,0.984223OT,SU14_1,98,Avalon_14HZ_HG6_Geophone_0,velocity,Avalon_0,305,651531.3277,4768103.49,942.8432679,x,-0.344716,-0.906475,-0.243871,y,0.916646,-0.381049,0.120675,z,-0.202316,-0.181945,0.96227OT,SU14_2,99,Avalon_14HZ_HG6_Geophone_1,velocity,Avalon_0,565,651582.6414,4768152.256,692.6685209,x,0.321026,0.915519,0.242417,y,-0.92666,0.356497,-0.119206,z,-0.195557,-0.18637,0.962821OT,SU14_3,100,Avalon_14HZ_HG6_Geophone_1,velocity,Avalon_0,685,651605.6844,4768174.863,577.0927116,x,-0.54897,-0.792956,-0.264295,y,0.812407,-0.580552,0.054355,z,-0.196539,-0.184876,0.962909OT,SU14_4,101,Avalon_14HZ_HG6_Geophone_2,velocity,Avalon_0,815,651631.314,4768197.92,451.7480566,x,-0.878808,0.467937,-0.093445,y,-0.433631,-0.864879,-0.252881,z,-0.199151,-0.181713,0.962974OT,SU14_5,102,Avalon_14HZ_HG6_Geophone_2,velocity,Avalon_0,955,651659.0567,4768223.615,316.9519005,x,-0.561802,-0.782839,-0.267474,y,0.801905,-0.594777,0.056465,z,-0.20329,-0.182767,0.961909OT,SU14_6,103,Avalon_14HZ_HG6_Geophone_2,velocity,Avalon_0,1095,651688.3802,4768248.155,182.2763246,x,-0.713929,0.699506,-0.031564,y,-0.667296,-0.693331,-0.272045,z,-0.212181,-0.173158,0.961767OT,SU02_1,104,Avalon_14HZ_HG6_Geophone_0,velocity,Avalon_0,210,651259.8724,4767982.736,1000.078552,x,0,0,1,y,0,0,1,z,-0.089382243,-0.008120481,0.995964293OT,SU02_2,105,Avalon_14HZ_HG6_Geophone_1,velocity,Avalon_0,400,651277.0234,4767984.102,810.8596276,x,0,0,1,y,0,0,1,z,-0.086876321,-0.004498441,0.996208948OT,SU02_3,106,Avalon_14HZ_HG6_Geophone_1,velocity,Avalon_0,580,651292.0778,4767985.015,631.4930545,x,0,0,1,y,0,0,1,z,-0.080968087,-0.002213348,0.996714237OT,SU02_4,107,Avalon_14HZ_HG6_Geophone_2,velocity,Avalon_0,760,651306.5771,4767984.361,452.0805774,x,0.953408,0.292378,0.074351,y,-0.29056,0.956237,-0.034439,z,-0.081166,0.011231,0.996637OT,SU02_5,108,Avalon_14HZ_HG6_Geophone_2,velocity,Avalon_0,890,651316.6866,4767982.68,322.4853369,x,0.54832,-0.834399,0.055885,y,0.83263,0.550941,0.056495,z,-0.077929,0.015554,0.996838OT,SU02_6,109,Avalon_14HZ_HG6_Geophone_2,velocity,Avalon_0,1030,651327.914,4767980.015,182.9620596,x,-0.674696,0.734669,-0.071046,y,-0.733623,-0.678074,-0.044864,z,-0.081135,0.021851,0.996464OT,UGSS16_3GEO,110,IMS_14HZ_LM6_Geophone_0,velocity,IMS_0,15,651552.3,4767056.8,-157.9,x,1,0,0,y,0,1,0,z,0,0,1OT,UGSS17_3GEO,111,IMS_14HZ_LM6_Geophone_0,velocity,IMS_0,15,651618.3,4766783.3,-149.4,x,1,0,0,y,0,1,0,z,0,0,1OT,UGSS18_3GEO,112,IMS_14HZ_LM6_Geophone_0,velocity,IMS_0,15,651105.9,4767357.4,-144.3,x,1,0,0,y,0,1,0,z,0,0,1